Hyde Park
Using trail type: 0: Simple Useful
starting cross check
Settings: 0.0, 1.0, 0.0, 36.0, 28.0, 35.0, 
-1.0
-1.0
52928.58404446046
-1.0
-1.0
-1.0
46773.392579130224
-1.0
-1.0
42676.183641557596
-1.0
45794.65132034397
48740.33516034948
-1.0
-1.0
50560.12298786678
-1.0
-1.0
-1.0
50805.690687721
46801.98499689759
-1.0
-1.0
-1.0
-1.0
-1.0
51315.86364453261
-1.0
-1.0
47176.48692008271
0.0, 1.0, 0.0, 36.0, 28.0, 35.0, 48357.329598294236
Settings: 1.0, 1.0, 0.0, 78.0, 21.0, 0.0, 
-1.0
-1.0
40718.776581452286
-1.0
-1.0
-1.0
34690.37912925246
-1.0
-1.0
29738.74405081624
-1.0
37148.435483436086
36021.82723532912
-1.0
-1.0
-1.0
-1.0
-1.0
-1.0
41187.83618932306
35903.742903615916
-1.0
-1.0
-1.0
-1.0
-1.0
42100.513138524504
-1.0
-1.0
35047.31703720936
1.0, 1.0, 0.0, 78.0, 21.0, 0.0, 36950.84130543989
Settings: 0.0, 1.0, 0.0, 80.0, 5.0, 13.0, 
-1.0
-1.0
49394.64327026308
-1.0
-1.0
-1.0
50325.3426824864
-1.0
-1.0
44684.13057422672
-1.0
48430.74116345486
48382.05894494115
-1.0
-1.0
-1.0
-1.0
-1.0
-1.0
52419.48067121555
46751.933211542935
-1.0
-1.0
46886.58176385087
-1.0
-1.0
55843.021640310944
-1.0
-1.0
48606.38465736323
0.0, 1.0, 0.0, 80.0, 5.0, 13.0, 49172.43185796558
Settings: 0.0, 1.0, 0.0, 60.0, 39.0, 0.0, 
-1.0
-1.0
35985.47675064137
-1.0
-1.0
-1.0
33245.39976207269
-1.0
-1.0
27137.822975002375
-1.0
34213.11400835493
33399.37526074885
-1.0
-1.0
-1.0
-1.0
-1.0
-1.0
37117.35234822645
33670.635552297645
-1.0
-1.0
-1.0
-1.0
-1.0
37105.343563391994
-1.0
-1.0
31477.355239251192
0.0, 1.0, 0.0, 60.0, 39.0, 0.0, 33705.76393999861
Settings: 1.0, 0.0, 0.0, 54.0, 45.0, 0.0, 
-1.0
-1.0
37440.364801160664
-1.0
-1.0
-1.0
32110.376336009133
-1.0
-1.0
28306.965487824706
-1.0
34097.41624528343
33435.444063059214
-1.0
-1.0
-1.0
-1.0
-1.0
-1.0
36558.26346412582
34004.36446835447
-1.0
-1.0
-1.0
-1.0
-1.0
38399.46782786142
-1.0
-1.0
32892.20903942426
1.0, 0.0, 0.0, 54.0, 45.0, 0.0, 34138.3190814559
Settings: 0.0, 1.0, 0.0, 47.0, 53.0, 0.0, 
-1.0
-1.0
39143.533321062976
-1.0
-1.0
-1.0
34057.95338243461
-1.0
-1.0
30033.985629861145
-1.0
34468.45631031028
34184.763947492014
-1.0
-1.0
-1.0
-1.0
-1.0
-1.0
38597.85726740914
34794.778345972256
-1.0
-1.0
-1.0
-1.0
-1.0
38123.26578553293
-1.0
-1.0
32915.985088555586
0.0, 1.0, 0.0, 47.0, 53.0, 0.0, 35146.73100873677
Using trail type: 1: Simple Useless
starting cross check
Settings: 5.0, 8.0, 1.0, 21.0, 31.0, 35.0, 
-1.0
-1.0
94459.75402652797
-1.0
-1.0
84234.39408690474
84367.6708101651
-1.0
86132.97596477794
82486.06583924123
87368.91885052182
93292.60019847285
90719.59829873232
-1.0
84206.60470759767
-1.0
88860.1782677658
-1.0
-1.0
91024.36895977112
86423.8169151233
-1.0
87432.79665489482
84831.3032470863
-1.0
-1.0
91978.1623204112
-1.0
-1.0
84912.74918470845
5.0, 8.0, 1.0, 21.0, 31.0, 35.0, 87670.7473957939
Settings: 1.0, 14.0, 0.0, 16.0, 39.0, 30.0, 
-1.0
85377.83738013444
94211.41286410177
95459.00201690376
-1.0
-1.0
93317.1126043579
90738.12067685583
89380.91249526534
84311.74939689664
88973.01568182213
88936.03908406364
84055.77778697047
80267.37826984737
-1.0
90440.50414024363
89189.48583975337
-1.0
-1.0
88927.38478257341
86178.34312272874
89948.06186501242
91637.85351411463
88411.97114790294
87001.05977901921
-1.0
93818.57096218427
-1.0
103773.08187508116
83591.79535542868
1.0, 14.0, 0.0, 16.0, 39.0, 30.0, 89452.11230187555
Settings: 0.0, 14.0, 1.0, 22.0, 40.0, 24.0, 
-1.0
-1.0
95295.2550284649
-1.0
-1.0
89154.1868209962
88450.21338463404
91737.39402347291
90233.26989994549
86270.00827878082
-1.0
92618.91699612612
92439.90430971864
-1.0
-1.0
94484.48026026008
89882.02493847057
-1.0
-1.0
93925.23007924978
94845.20988628728
95266.94927741268
-1.0
92848.41645860039
91798.35655617082
-1.0
97374.39003982802
-1.0
-1.0
91296.10142442773
0.0, 14.0, 1.0, 22.0, 40.0, 24.0, 92230.60633310862
Settings: 0.0, 13.0, 0.0, 20.0, 27.0, 40.0, 
-1.0
-1.0
86515.47780940516
-1.0
-1.0
82251.07616231531
81861.19477102888
-1.0
85558.58465577521
77747.21329411273
-1.0
86812.17518810343
83949.91773693252
-1.0
88410.34242852319
85939.45290943801
-1.0
-1.0
-1.0
84451.37472302998
83437.80376595574
87518.53772956351
-1.0
79301.96189576211
-1.0
-1.0
91657.91111296618
-1.0
88095.2876349343
83404.48059139933
0.0, 13.0, 0.0, 20.0, 27.0, 40.0, 84807.04952557787
Settings: 3.0, 16.0, 9.0, 36.0, 34.0, 2.0, 
132430.1602226047
131718.159681412
142915.18155174758
141106.80431006118
140470.31568149242
137290.1071572985
129920.56975603435
128979.78364310757
129527.29698013312
129186.56693311344
-1.0
129022.92167897183
130118.58488982276
118566.39046413786
126934.7600197494
130750.91068956362
132676.90403500857
123113.16612915155
131284.09270209976
129611.95141533192
131353.00684330653
133387.64174827078
131723.60031011337
124022.60575165073
128016.03759045567
130182.8295033857
138211.65505533354
128568.59920418022
137469.93146490277
137996.8335138368
3.0, 16.0, 9.0, 36.0, 34.0, 2.0, 131605.42651469924
Settings: 1.0, 19.0, 2.0, 27.0, 52.0, 0.0, 
-1.0
93355.62741222493
101401.97301344424
98685.76579957717
97216.60522971331
94371.5068377595
94895.92175144375
97057.20954563079
98472.94399821936
92057.17567171904
98190.19344549827
100151.71487894135
95706.11400105043
87586.927439469
94560.54844410816
99045.52110483605
99466.85094589581
90290.59637710794
96518.67915266132
95933.06522031143
94209.3183127385
98856.03697598683
97032.67299720514
92027.92651016967
95944.7833090862
-1.0
99922.4787300889
95708.22505655442
102104.57151758038
98887.15889728846
1.0, 19.0, 2.0, 27.0, 52.0, 0.0, 96416.36116343965
Using trail type: 2: Random Useful
starting cross check
Settings: 6.0, 0.0, 0.0, 28.0, 33.0, 33.0, 
-1.0
-1.0
65306.227680750955
-1.0
-1.0
-1.0
59665.914143401045
62742.9948679313
63309.74104772537
55381.02816101213
-1.0
61298.778807556606
60750.956634468464
-1.0
-1.0
-1.0
66628.04258485521
-1.0
-1.0
66875.45920384528
60400.58453922037
-1.0
-1.0
58788.643104779745
-1.0
-1.0
66885.33631067952
-1.0
-1.0
59119.61032908826
6.0, 0.0, 0.0, 28.0, 33.0, 33.0, 62088.71672425494
Settings: 1.0, 2.0, 2.0, 29.0, 52.0, 14.0, 
-1.0
-1.0
64692.17426699489
-1.0
-1.0
-1.0
59251.64910439465
-1.0
62439.13529502976
55859.22553306388
-1.0
61588.63115888808
60191.7597370256
-1.0
-1.0
-1.0
64916.796532241504
-1.0
-1.0
63050.35183682756
60598.70343750352
-1.0
-1.0
-1.0
-1.0
-1.0
69461.91474552685
-1.0
-1.0
59171.86039371385
1.0, 2.0, 2.0, 29.0, 52.0, 14.0, 61929.29109465547
Settings: 2.0, 14.0, 0.0, 32.0, 52.0, 0.0, 
-1.0
-1.0
82109.07867274492
-1.0
74697.39176764201
73882.2074595421
77524.18726477785
-1.0
77841.83480621467
74501.05524907792
78713.11944122284
77964.01706537408
76219.74825998615
69439.48316230474
74825.27430437405
78915.58365590048
-1.0
-1.0
-1.0
78068.66757492014
74166.39287880056
78275.8249756666
76648.23796956916
-1.0
74577.15743615119
-1.0
79774.54752050887
74431.32574344233
78564.29175348817
77000.98811280672
2.0, 14.0, 0.0, 32.0, 52.0, 0.0, 76578.11500354836
Settings: 7.0, 1.0, 0.0, 27.0, 27.0, 39.0, 
-1.0
-1.0
70707.64045776686
-1.0
-1.0
-1.0
68219.94750107288
69944.65409133924
66826.23624462938
59144.38275120085
-1.0
71609.90841162014
65071.25225268567
-1.0
68474.61050984116
-1.0
-1.0
-1.0
-1.0
68645.41179328486
67473.80068189745
-1.0
-1.0
-1.0
-1.0
-1.0
72706.91504931446
-1.0
-1.0
68310.81975638977
7.0, 1.0, 0.0, 27.0, 27.0, 39.0, 68094.63162508688
Settings: 0.0, 1.0, 0.0, 48.0, 51.0, 0.0, 
-1.0
-1.0
38387.46581251948
-1.0
-1.0
-1.0
33888.40035448496
-1.0
-1.0
28069.616457495325
-1.0
33461.757893275455
35647.69367227063
-1.0
-1.0
-1.0
-1.0
-1.0
-1.0
38064.42309493937
32311.929385868396
-1.0
-1.0
-1.0
-1.0
-1.0
36368.911821397916
-1.0
-1.0
31848.72004528857
0.0, 1.0, 0.0, 48.0, 51.0, 0.0, 34227.65761528224
Settings: 11.0, 2.0, 0.0, 50.0, 37.0, 0.0, 
-1.0
-1.0
72470.0204925152
-1.0
-1.0
-1.0
67097.98834055617
64182.131190136985
66677.32190316927
64058.26386170785
66313.0851861329
66344.92155064296
69447.1122802359
-1.0
66307.14150804235
72003.54640226776
-1.0
59809.67133490774
-1.0
69799.74509599501
68962.70559357779
68697.60882296547
70564.25235227428
-1.0
-1.0
-1.0
73457.21568345386
-1.0
-1.0
67558.75535429924
11.0, 2.0, 0.0, 50.0, 37.0, 0.0, 67867.73452664005
Kensington
Using trail type: 0: Simple Useful
starting cross check
Settings: 0.0, 1.0, 0.0, 36.0, 28.0, 35.0, 
-1.0
-1.0
-1.0
-1.0
-1.0
-1.0
-1.0
-1.0
-1.0
-1.0
-1.0
-1.0
-1.0
-1.0
-1.0
-1.0
-1.0
-1.0
-1.0
-1.0
-1.0
-1.0
-1.0
-1.0
-1.0
-1.0
-1.0
-1.0
-1.0
-1.0
0.0, 1.0, 0.0, 36.0, 28.0, 35.0, NaN
Settings: 1.0, 1.0, 0.0, 78.0, 21.0, 0.0, 
-1.0
-1.0
-1.0
-1.0
-1.0
-1.0
-1.0
-1.0
-1.0
-1.0
-1.0
-1.0
-1.0
-1.0
-1.0
-1.0
-1.0
-1.0
-1.0
-1.0
-1.0
-1.0
-1.0
-1.0
-1.0
-1.0
-1.0
-1.0
-1.0
-1.0
1.0, 1.0, 0.0, 78.0, 21.0, 0.0, NaN
Settings: 0.0, 1.0, 0.0, 80.0, 5.0, 13.0, 
-1.0
-1.0
-1.0
-1.0
-1.0
-1.0
-1.0
-1.0
-1.0
-1.0
-1.0
-1.0
-1.0
-1.0
-1.0
-1.0
-1.0
-1.0
-1.0
-1.0
-1.0
-1.0
-1.0
-1.0
-1.0
-1.0
-1.0
-1.0
-1.0
-1.0
0.0, 1.0, 0.0, 80.0, 5.0, 13.0, NaN
Settings: 0.0, 1.0, 0.0, 60.0, 39.0, 0.0, 
-1.0
-1.0
-1.0
-1.0
-1.0
-1.0
-1.0
-1.0
-1.0
-1.0
-1.0
-1.0
-1.0
-1.0
-1.0
-1.0
-1.0
-1.0
-1.0
-1.0
-1.0
-1.0
-1.0
-1.0
-1.0
-1.0
-1.0
-1.0
-1.0
-1.0
0.0, 1.0, 0.0, 60.0, 39.0, 0.0, NaN
Settings: 1.0, 0.0, 0.0, 54.0, 45.0, 0.0, 
-1.0
-1.0
-1.0
-1.0
-1.0
-1.0
-1.0
-1.0
-1.0
-1.0
-1.0
-1.0
-1.0
-1.0
-1.0
-1.0
-1.0
-1.0
-1.0
-1.0
-1.0
-1.0
-1.0
-1.0
-1.0
-1.0
-1.0
-1.0
-1.0
-1.0
1.0, 0.0, 0.0, 54.0, 45.0, 0.0, NaN
Settings: 0.0, 1.0, 0.0, 47.0, 53.0, 0.0, 
-1.0
-1.0
-1.0
-1.0
-1.0
-1.0
-1.0
-1.0
-1.0
-1.0
-1.0
-1.0
-1.0
-1.0
-1.0
-1.0
-1.0
-1.0
-1.0
-1.0
-1.0
-1.0
-1.0
-1.0
-1.0
-1.0
-1.0
-1.0
-1.0
-1.0
0.0, 1.0, 0.0, 47.0, 53.0, 0.0, NaN
Using trail type: 1: Simple Useless
starting cross check
Settings: 5.0, 8.0, 1.0, 21.0, 31.0, 35.0, 
-1.0
-1.0
-1.0
155205.49456932602
-1.0
-1.0
-1.0
-1.0
-1.0
153721.96389920884
-1.0
-1.0
159864.73264980927
162921.85178794723
-1.0
-1.0
155897.94216159877
163019.69689261253
-1.0
-1.0
-1.0
-1.0
136508.80981213506
132355.72146768653
-1.0
-1.0
-1.0
-1.0
121803.32383036397
-1.0
5.0, 8.0, 1.0, 21.0, 31.0, 35.0, 149033.28189674314
Settings: 1.0, 14.0, 0.0, 16.0, 39.0, 30.0, 
-1.0
-1.0
-1.0
-1.0
-1.0
-1.0
158488.79463349032
138774.09767127445
-1.0
168050.8212060346
-1.0
146735.98027853164
-1.0
160855.1491307692
-1.0
-1.0
150157.72211197967
-1.0
-1.0
-1.0
-1.0
-1.0
-1.0
138776.00732307832
-1.0
-1.0
-1.0
-1.0
-1.0
-1.0
1.0, 14.0, 0.0, 16.0, 39.0, 30.0, 151691.22462216546
Settings: 0.0, 14.0, 1.0, 22.0, 40.0, 24.0, 
-1.0
-1.0
-1.0
-1.0
-1.0
-1.0
156492.0419492955
-1.0
160605.9686603684
-1.0
-1.0
-1.0
151922.93775445124
-1.0
-1.0
-1.0
145787.62256274844
155247.93105045488
-1.0
135690.01160736574
-1.0
-1.0
-1.0
-1.0
-1.0
141958.32176715182
-1.0
147325.786463977
-1.0
-1.0
0.0, 14.0, 1.0, 22.0, 40.0, 24.0, 149378.82772697663
Settings: 0.0, 13.0, 0.0, 20.0, 27.0, 40.0, 
-1.0
-1.0
-1.0
-1.0
-1.0
-1.0
-1.0
-1.0
-1.0
-1.0
-1.0
-1.0
-1.0
-1.0
-1.0
-1.0
-1.0
-1.0
-1.0
-1.0
-1.0
-1.0
-1.0
138291.24704052947
-1.0
-1.0
-1.0
-1.0
-1.0
-1.0
0.0, 13.0, 0.0, 20.0, 27.0, 40.0, 138291.24704052947
Settings: 3.0, 16.0, 9.0, 36.0, 34.0, 2.0, 
206045.21103754995
-1.0
216875.26948242678
200063.71437068403
-1.0
-1.0
219478.50822383998
193402.62317849262
219430.69215183437
-1.0
210780.57033507424
-1.0
222637.54565958257
-1.0
-1.0
212459.96150295122
-1.0
215075.98195710886
195928.0943714918
-1.0
197717.3673277182
172460.74490517497
-1.0
198526.40594515172
198033.73093661378
-1.0
171298.1215169224
211789.57237742803
-1.0
215877.36350065406
3.0, 16.0, 9.0, 36.0, 34.0, 2.0, 204326.74882115
Settings: 1.0, 19.0, 2.0, 27.0, 52.0, 0.0, 
136165.53325994132
-1.0
-1.0
-1.0
-1.0
-1.0
146298.10248153016
124643.72346053648
-1.0
144524.34362578994
154435.38696589452
-1.0
148458.0931548769
-1.0
152538.83612040096
146624.70828248843
-1.0
-1.0
-1.0
-1.0
-1.0
-1.0
-1.0
-1.0
144385.78101545022
-1.0
-1.0
145295.8248419051
120224.23362032216
-1.0
1.0, 19.0, 2.0, 27.0, 52.0, 0.0, 142144.96062083056
Using trail type: 2: Random Useful
starting cross check
Settings: 6.0, 0.0, 0.0, 28.0, 33.0, 33.0, 
-1.0
-1.0
-1.0
-1.0
-1.0
-1.0
-1.0
-1.0
-1.0
-1.0
-1.0
-1.0
-1.0
-1.0
-1.0
-1.0
-1.0
-1.0
-1.0
-1.0
-1.0
-1.0
-1.0
-1.0
-1.0
-1.0
-1.0
-1.0
-1.0
-1.0
6.0, 0.0, 0.0, 28.0, 33.0, 33.0, NaN
Settings: 1.0, 2.0, 2.0, 29.0, 52.0, 14.0, 
-1.0
-1.0
